1-s.txt/        174967836   18781 10265 100654  41        `
1111111111111111111111111111111111111111

2-s.txt/        -107617704  18781 10265 100654  82        `
2222222222222222222222222222222222222222
2222222222222222222222222222222222222222
3-s.txt/        -107617704  18781 10265 100755  123       `
3333333333333333333333333333333333333333
3333333333333333333333333333333333333333
3333333333333333333333333333333333333333

4-s.txt/        550076976   18781 10265 100755  164       `
4444444444444444444444444444444444444444
4444444444444444444444444444444444444444
4444444444444444444444444444444444444444
4444444444444444444444444444444444444444
5-s.txt/        550076976   18781 10265 100755  205       `
5555555555555555555555555555555555555555
5555555555555555555555555555555555555555
5555555555555555555555555555555555555555
5555555555555555555555555555555555555555
5555555555555555555555555555555555555555

6-s.txt/        636462183   18781 10265 100755  246       `
6666666666666666666666666666666666666666
6666666666666666666666666666666666666666
6666666666666666666666666666666666666666
6666666666666666666666666666666666666666
6666666666666666666666666666666666666666
6666666666666666666666666666666666666666
